2021368500568277588
4895494634720187923
16336879138292273062
15416634109187857277
6006832857977215304
10338887797624662775
14644287851621603258
7221787319773377281
15037404968822372220
3471096822299788827
18262186848977647886
18134202821395069637
2981784049007202544
15239042189418924927
8816671114685843362
6137916015043425993
12190838124491037092
6909801517831757603
7029343074500958070
6688224477889129229
536629793265927576
1650065588853515527
4090583644128083082
10006589591382678417
12098279028798359756
9473417627864514859
15758992446450158302
4735933791915887701
5408283267297056576
8359512117883852687
17523649916728235634
610125543977828697
907877893234861300
16683031079702662195
14078456071642313542
5233514400664485533
8960802630225995240
3940315592099611415
3401026328079643994
1273071244085463073
15519218944168611356
5372732954108600379
3027075309594800302
1025352321120215525
14740057809067250064
5970480975348107167
15723902214597359938
208679310060605417
9555928274912650308
13412285652831116611
16968812795416863510
13988912601988421165
3996750231341693496
10331098857098790183
6446939010294219306
234910796221954225
8880072472685889388
3822091638096208715
5993030688830515838
14857237668846648181
2927959638778445792
2314676581594930095
16840394212593020946
15842171634833646201
10031020160476436372
12871203128071279187
9406694028162082534
10592044142309011901
1810750034555224712
13047180630782323511
17919988891571020538
2304937873673678145
15880307641471104188
5270388580383410779
7396570194971834446
12788904281116875013
16618196394405126704
15115591250319905727
11383655515533589218
3258316816454744329
5065038669307461348
1675908271204576099
7823825687600414390
11149101504506777933
12604731885361954520
1999154054509262151
9443932160637753290
15434612832402744785
18063425839451526668
12716005052645315947
17828286984471534110
17773047931887368853
4310542711571724416
16837170003837743055
15423639755444312498
483098660780643225
12781014814202583604
3086663376100501619
14535204448196504198
14088751960695731421
11439921767373975336
13815075660611461975
13020347568451543194
2704952026396713569
14339396329525013340
12667256148366165115
3206914855565119470
16101714607802294309
17844687587918643920
9708690751788003295
545699186414062722
499770761471210025
5636469987330075012
12898629795541338499
14587981450475989590
11620677649656863853
9756015451418710904
4439768941580334439
6129675357775920490
1845537650426487537
5742176062131516588
2578498903379384203
15810579431712102846
10127289871650474421
6960149053112140064
8415403879243633647
16794311968908727122
2640743945659143353
14875547259005545684
13882496229227237011
821945020330671654
9172858412727797757
18245576255063223240
13715969454957046647
5623305451157499450
1520775315923724161
9907274202041168380
8935984892326334107
10312985477802702734
11375089046922704709
10934163838746162032
10810567024766409727
2116374689526623778
9867792927594314569
4568006801823360036
8485181103748183971
11207388629115168246
1666559502682519437
11285918459134310424
17512363213672252807
12418145678249227018
2864058170122055697
12946805957845017420
3732927540465936811
9195817963081312606
12867636928961341653
3086919836021070272
16234542666218260495
6803447422601207026
9839843081631802841
66168172598480756
810628317088777395
10825000520899568070
4597736711489039133
18036315688261449832
13672188820273415063
5851902693466098650
2542933510039567521
5490869814874228892
15710891652995066043
9236767629830516526
132052188245679717
11921807935801340944
12374937722979588127
17793518905054961602
5886097979873547369
7592611325981159108
2184496983628494275
12507931805406474646
6795930552687370925
17914945973717822648
8330311311063737767
1557668685648050346
1880891243106979121
15287539358425670124
8745443986749410251
11704473280537921790
9932965172619679733
2632578566388695648
17325856789902806063
2252948043624429202
14567273572830447353
11757014064998892052
8183256294660016851
8302403860226217318
18440436925687291453
3256223526295131400
5052968727878331319
8404612878738733434
7558987316106633665
17962439115607191356
5053597403080266459
10227489436696180430
36806316355360133
2374212325450400944
12163582333106906175
2077558098674770274
16312443584551763337
4378545914986547556
17980743653404017635
17605249222875565366
10620049675438841293
18243766854488174936
13324093063878071751
1814009853110636106
7544196403277298257
14664069052176216204
9328496810668883435
3163358599298955422
867154789426910997
14464822125748730624
17290673916398493775
16855127018170851378
15047866743811438617
5207045703994246324
6872123100139004147
12358893330058008838
8183273117295583581
6856813900820873640
8849808903009969111
8497769702888699674
7642410794272413409
2933827786622035420
2821619938952875259
1700813494250327662
10877159076941454501
5259143558243755344
9232759096474320991
13860883409729123074
14109463787028199081
17803895860594701316
4999995825008206339
3815812738396567766
1502504689111738605
4150818613664040440
16778824447519872487
8257615608221316074
12358971381385934705
3565298967474949932
16174286932162723851
1987635972953094206
10752331781693122101
5614302978157151136
18200359089785013359
4153779637520325074
2262075729626691897
10176506226115024724
12313082383523464979
16909230113111567526
5034587065817298045
10530760412439084616
5982297906457373687
14544156062458643642
11386293016485403649
1985488525833759868
9049883002107795227
13011709669032850958
10098007292847109061
12787859475583391216
5990169721620212863
16517508554554496162
15617175290630291401
9910979659602390692
17541968954564595747
17039181084713841782
16567419732834944013
11984698054848424600
3669530470069986823
9594116087995165066
18950308862428305
14277505118430445004
9724267401056129579
17434187106082064350
16741268678934758741
14206550696334466112
3497973900206684303
5734354384024986482
8157922983419021913
3008428748336921076
8505065479762902323
7798050599100796998
11637091292900022173
600287168020957928
5029653667704128535
12243106685485998682
2877192278973575457
14153758973550576412
17347180434946175291
17014397887732510126
16726186753714002661
14921706046980249232
17243297424935364767
10125500168451556930
17022121301629161
3888068311165122884
3801272931269824067
13254718606216298518
18059496358208794413
7757487020398599992
5436595734730671655
4198086603497631530
4235229619661038001
15625889840582229100
4950655337657955403
4594462467462670206
16235084280861946997
2832479287355540704
8408261152261012655
9394397028272356626
2661980112703368057
8298143330364140692
11287978487900816211
13577428790034596838
9775596146008771261
7177287547353753480
7888944823324290103
13262150273291653114
2670642569964639809
14610144979265317308
5896399050428701531
6695376444770956622
3714134417335357957
15451555502629168944
47117568435205311
9617646402544273378
2776871134053204489
8337923163503612900
1127030727871978595
17250593014666353590
13528534925893724749
7204876794794828760
7658043257396409927
17662486982865011914
14606220604352941777
14727957026249673484
4965611804903007851
15513206290487187230
10401627793683215253
11248142362566245760
17095023781165093071
6918707811564021426
9049276704310942873
16959731962574679860
12032763612439288179
941412820275267462
15426805962948070877
5680979791089390632
17369487082731611223
13662017007694646682
5272294670512638817
386282036829741148
11175954559200499067
1489028036472458478
12326272401243412773
15026554955199989712
11467542821242589407
13682194780415318402
18378978973924080425
7380002591535414916
3887385876172372611
3224521812734674774
8143143008591476077
3815334373186648184
10130231639813617255
7156674071134169706
2689275252574112753
17900975063426263468
5529270139710204043
10110214623853106878
2448272171699143349
11148316256361956896
6733691663397827823
3612191208164319314
7987216127786163641
8997072612446405076
4495820728634015635
13320378206584560422
6678497790667710717
2178492699330449608
7804727288543521911
17907150716716473146
17727227342233751681
1743201255884171004
9165090064928137115
1841470773189129358
14588523564471070789
7612289152563787888
5719085278424628479
13921307805736565538
16057207798526608457
9719051761133484324
7540557036862711971
2449385172974732022
13869022443229188237
2775906630322085144
12945395469206963847
12691384179706552330
9699183467829713169
12097213013600639052
11793350680069241515
9310385957557888606
13811910239994225109
8537889444471545536
6883769749217257743
1905312208474778098
8496335058783727321
12403864490935166068
5198282926025799091
644331887586410182
12384933877642101789
8011417698451234152
1862447062224716951
17780839044052613338
10327388676557333921
12717462601775463836
14657881090096806331
606270772632939566
16964398912461723493
4810846054804781328
2392470332252207391
9989917344512765122
9982198645059149161
1608333198205158340
17000203534894687939
7691094063962246806
1306318719253167021
14565205579748921784
17640614911808022183
18217993310540309930
63154564306564657
1365226861604181740
14655940979519888587
12734191406498039294
9037114873378132213
9051569575288260448
17343717429687004463
4783805525126103954
17011563401929805817
5623921759511680788
1199429839388474323
7588864226363470438
7266095491608885053
822401528399362568
12396925725877071031
3252121834900678266
9263878627044854465
5307310283720860732
3292558584763327451
3148380303682008014
3195563129394040453
8169897731730246064
5273141773704660287
16415626752572010082
5159158867914933897
10022604379503124068
16512018028155385059
17190043246762945078
7428238096793138893
1085346398925461080
7562946804464391879
18308872724294908746
1636565991654105937
17489279014371779980
10021657354729574123
13045830561321514398
8089525205441056789
220949259809701888
10602878166904357199
9079767188626746674
5545228293766988057
4175175583702210996
6309084524875583987
17460309917214356998
2810710484378221149
3341225369248605864
918604096259335383
4897738758471492634
4495941795883499489
8393442742958152412
6716874061824269819
10428580451689778030
7745083961716463013
6639420884245244496
7185654507703558495
4520516417182384130
2050056541923426217
6721784716227119364
17459737414464180995
17505061335311078870
1432754805338391021
10148773796242795256
7225855926397310695
4286718914606080234
9143123834552082545
12375715983905489964
5784722269486944523
13718375908803310910
3669052348070551349
9229674064004057248
3053692035270010223
5156420552180066002
1588338476290458169
17703827379063942228
10629202017129773075
9686416017733077414
12008493081509088637
14342545069338174280
11912910113649913079
9333972672767111610
9344649469259416833
5309410089545294204
3690660805871642651
7052813618993459982
15815628445759155397
5087735187957717744
9479789725927918975
5709779379050815906
16689183845676304585
8139205850554303396
16197511406752661795
2639051047698534774
14827704683844705549
10911855335787368344
15646476751250073351
12359378380811720330
3929667909748108689
869687836941152972
9649094462350254891
4335062405442258142
7269934071980539477
7854188680938135872
13268856744838830479
2202994103194939506
3605963181655216985
9285214430543892212
7676058259824995891
13629175471814946118
606436009939710109
7766382491315531752
6565827064075240727
14343122053531995994
1035861743168412193
18429770596393596956
17246031959618732603
3278392194506615470
10239878115408286693
11624062524737166224
4536022545964878239
11321684206346785602
15144760231405609449
15198188399586627140
2285969899054268227
12239895059540483350
11175750903179282477
2039709497684837432
7149745407820547879
4877804724440325162
12239456334948666033
4057281527428231532
4608745990905251147
17115411957730927742
1844349865970609525
9523712230228953568
4817236419233340847
1889044460738628114
5631820508235953273
3145424678227313044
2471960940778009683
7819542996634394854
5624378246972679101
8124313591487204488
1632746813537529143
4801223986196692218
10137648007280639809
10067410210601262780
12784051745271475291
14038445055442203214
5366643055585233669
10860246744762248240
2416074741922616767
15964233003517236450
11397167610720848649
10685093627581458660
6926973105170484579
13233567979689474230
8573075956482605901
5966692351896242392
3631983656630089543
10496041827858330058
9221858757923600337
11748569704375926796
8712956935354890091
16051308567086421022
13019268675621072021
15373142562716238464
8099853374162088399
16444085997906883506
298154136720876953
14802298130449269812
12820385158546295411
15901137455469356166
8128511199998650077
17081881345618802984
8509410370763892055
5014979833254328986
5718897846046504033
14056930483888379228
2364433027267798651
17239203192504699374
2047271691240804901
5818693003344547024
4243581564156375519
1698627108892157570
7890970532087219241
5203879676557841284
14668770246624619395
3315249924707263574
15640505696280088173
17678687471361891704
16642157703744304999
10335863739894978410
8852367337208673521
14456493719490535084
2020748461534493067
5387960928349885374
6431057755143191477
7116962289487727392
14024402324396283375
6245762012270783826
8069594471339878073
13102448059595052756
2641820515328389267
9908040120895125542
13123550484594014717
8487345831674557896
3866248373056023927
11236618400817612858
6195800818941278593
11915272030458551292
5155128115756232859
12073460055702909326
4794377677013100869
1596059058992872816
17599922501687188991
7837328290440366114
15761666577998810441
18343752622922665508
5778431802887362979
7496966084750450678
15129944286084442509
312421735452000792
7712840908024514439
11679549324128341258
16160292686908064273
16781875810678918476
3890407153251142571
7557919819534803806
15701444999452482261
17632788267019576256
16485479166299376143
11288935330227959538
10700023136478640089
6555359222791666036
2598468455995729587
15002032605770537926
15831985275943148829
17389640443569914472
16372071839031936407
5685192133861909978
7965184507229392545
4741880670450496156
15403433424597142203
729866021915978030
8736314968320594021
11652288929038188048
16844504158134852127
15298142454662379970
11003799711898920553
10188207195896027332
13205919265515313091
13123376910995254166
988555420583515309
18371834598396114616
17264421281484367783
1117133347461272234
388945698421940017
1706887472306867180
16386572467711045067
16170383932756067070
18423343727073692149
7159037739216718944
2013250756952395311
18028301669830316178
15996459677162739961
1011586524413520916
14215188000705703123
18404077319386255206
16720942037314179133
2369678256276479752
11249127258543582647
16855735041652069242
994868193509700545
2167367805480343868
5801526815170933979
2892321520390566094
1782966353689708421
17948970880872402608
3920722507471463999
3176275263037995874
5394874617174544265
10553391976266265444
10492147528776738275
16255241806330758966
14789221327461748685
652993934729608024
7860895102720169927
3831895440588777546
15737548797593701457
13547756619950365324
17547389248612081643
17065963238143931038
456727720776583445
14573898979963880704
12545129005847749199
5050048057913817650
2241348922412042777
16670509853915983540
2048251809886667507
18026531476343624454
13612148392636765021
6411263372364139432
16068313469461964247
2773347420330283290
5347276474371778785
1246632282335268828
2063706199959154427
11905463543303194734
1495691272971603621
10086001691427843920
8317547615604310623
13301169832243629314
16420139517368191145
14795385237347278340
8896527755610375171
11721846582274093782
14467518010941922029
11591348044152311800
7116453953041356775
7423559107974106602
13262083639368124785
17672147925622962476
12884057741671653899
3363522797101560382
6099019913033914421
16980548818865786272
17749673624595252847
11887198570494587858
10322010070511455033
11660753025658700116
11426045414334277907
17788147816040638118
17979412283245110909
6720827975247579208
16512273452073577975
5804351241829768890
6425648155418979841
3927016208606844540
16528373699825907995
18321555127156404238
11856937857914676677
9764640412846546928
11439834585451753087
9347614364959174306
10709308150033404361
5299615802475878564
14976369113579663907
1923733657349697142
17066014028058506765
5929425720609797272
662980786072053767
11144290589931848586
3846543476140693137
6689346747154278348
17314275224185615403
13125815843821650398
13794107420052420437
9039353420880291392
16023608193922890383
4190458748470197618
11474357520801799257
4986493082398532596
96815609225174835
15915199389109684806
5358386899144116637
8013661895639733480
9346263938214970903
14020499145256254554
232735383953949473
16752167069300993308
10088726884227011387
12190759526451242926
3631663653066280165
974280118193938576
3316444458882591391
17272263223139377218
3600697022061734633
5189929539671057220
11045104279055085635
3288200330050517526
279865663500460333
4686145064188094776
14380890428551268391
16196728217569085738
8059665318168114097
4193065609004869228
1013973215606281803
458522575830950270
1064933870449026677
3218158132558008032
10987555707252686511
5209261191899698962
16451721348130094457
5014087035226117780
974916082898642259
6681403906045132262
17641448003694197949
6493138222129557896
3361956684814200375
9613866261685168634
13208759862622562369
12148801940745212860
11277765172768275803
4674061309592874830
3007519047473660933
7046631562398216496
14261271435104220863
11583642738050572770
17562692180218352649
17129908954330201572
7247434614516465251
18417348158281356726
11458073618694839373
7906061160898768344
8412993482693523527
3129415439100747466
17616770930154545361
9075960562602210572
14707251174442961003
11571405226602238238
323400877316105621
15536233339382056832
13142005345302680271
11602854399579488434
16591957341859442329
2749432276970428724
13836406439949794163
1717876328220606854
4400461649174495197
11727016154048994856
13440646613903091287
7896972515498944410
4179733432426765665
6986516607432903260
3545363118493644667
10496919203344664302
6013262628882844453
2552877662933438928
6922498022123573983
11914959914209080194
10066456383805082921
8441512627640428676
10372744571192237187
16421975516873605462
17313106071475595117
5024413862161318520
14417627668760229991
18259671616502908010
6699306736480034289
13308778918088168364
8812031996259109515
1792679948076437694
14675232920429622453
15142517613811322912
2063751965877794543
5189574458841922130
5303999684206112697
12977733357227420628
1942656647521132947
445130317687919910
3816237228612162301
18134723543761017544
17528113056001044087
18198811673144571194
7045803389455180417
11677134084126576892
4448722251544658331
11250469817959100046
12117183621763736133
5418802511290385008
2003325773186449151
2738342648596763938
14972466123121661513
17819405959644652324
14385833368530291363
13023841343099026678
14510415304652407437
6384313078114723608
6319021721586878599
6628744372987738634
13244173408489319185
13885459796180042316
6736839417179741355
14276505056308191326
9308386438221009877
18064249920452077760
15269480300967127823
15215075131080164338
11171379598146273497
10815027820335877748
3391930431439034291
13936829102634318022
10585799700132247069
13453903786984466280
13072667336045872791
15719551157725254362
16524849751454201761
5395648957802882972
7493669863995268027
9565050736995395118
15597787401598060901
16949241098076488464
9819113144927517471
16930911862148826818
10271018029012807529
15566992959040892356
10882672036295297219
15245653516616534166
10519400860894784941
17947203922602924984
11275292852332079271
13390893822426841002
17779118511781201969
15674285057370718444
5837597496515116747
15069655987325911038
7874775333637309173
18010473376709824864
6608932348342005551
6242839528533745042
17106863591757079033
3736552930726527252
3126085655815118291
8536767606608243814
6906782228695345469
5143459724261311496
17374448109796781751
16667272778056286330
17698658553757326529
8787510932194102844
16405102061420430811
16793094379592510926
4858110571732664453
10337118243572716464
16782904804767811391
6011290939142359138
11647436184607479945
8729097310669310052
5447117317149136611
18143938751242740790
14469278699005749453
1952238459717836888
12551141806527092935
10280839173738566986
16381183038071141713
17249448951737634700
905704644206784747
13223710132966682526
10274910995764642325
4210166973003581952
16490999624775107407
10478798517189035826
9809951927012479769
16195007814892979124
12097413879621317619
17834118459340976134
11231563905509174365
6138722488359022760
9218254805627152087
13301808296618458650
3554153303644541409
