13
4
15
50
97
56
71
10
21
76
23
30
85
88
59
90
93
68
39
22
41
24
43
2
57
12
43
2
5
64
75
18
13
12
67
6
25
32
71
26
37
40
19
90
25
72
83
66
13
40
19
14
49
68
71
66
41
32
63
70
65
84
27
70
17
88
71
86
93
80
35
66
85
16
19
10
61
36
39
26
29
8
67
54
29
92
79
42
93
76
91
98
13
24
79
94
49
24
27
30
41
84
27
50
49
20
31
38
45
36
87
98
41
68
19
14
1
92
7
82
49
68
15
2
85
44
87
42
21
36
67
30
9
4
55
70
41
44
11
10
33
4
63
34
9
12
35
82
17
52
95
58
37
68
95
22
1
40
95
46
77
68
75
6
73
28
23
90
97
48
55
62
53
64
31
22
85
64
47
86
25
44
75
46
89
36
59
66
41
84
23
14
65
96
51
94
69
96
99
14
93
16
79
86
65
12
87
2
57
84
47
90
17
20
31
90
53
48
83
54
97
20
79
86
9
96
71
54
69
32
47
78
89
40
35
94
1
72
7
74
77
36
75
42
9
0
79
82
85
72
35
86
81
68
31
50
5
8
79
38
37
68
27
42
5
36
51
66
53
0
79
82
45
76
31
42
21
16
43
2
21
60
3
14
81
4
75
22
89
40
87
74
93
72
67
30
13
8
7
42
37
76
19
98
57
76
63
34
29
64
55
34
73
80
91
66
65
76
43
74
93
48
39
66
17
88
27
22
97
88
47
58
5
76
51
70
65
76
55
54
21
72
39
66
41
84
19
14
1
36
3
70
85
60
91
58
5
52
67
66
5
36
95
18
21
48
27
14
97
40
11
54
9
28
3
2
5
56
51
42
25
20
99
10
49
40
87
6
13
80
71
42
65
32
31
86
17
56
91
50
61
52
79
70
69
12
83
90
29
92
31
14
73
36
91
42
85
48
79
6
1
52
95
30
13
32
11
66
69
0
59
58
97
16
31
50
85
72
87
82
73
24
79
10
53
12
23
14
93
48
71
50
17
56
35
38
89
56
83
62
1
28
87
66
33
28
19
2
5
48
51
82
1
72
19
10
17
44
15
74
13
72
87
82
73
68
99
62
69
88
27
94
1
56
39
50
89
8
99
86
5
48
51
46
1
88
11
58
57
12
79
14
37
16
79
26
37
52
47
22
73
0
83
86
25
48
59
10
73
28
43
30
65
56
7
30
89
28
11
42
37
40
75
14
5
16
51
2
77
28
99
46
29
80
91
78
5
8
87
70
13
44
59
10
85
64
59
74
93
36
23
82
77
12
87
78
73
56
39
86
13
0
7
74
41
52
91
38
85
56
67
38
21
72
27
86
93
88
7
86
53
0
19
82
73
12
71
50
49
20
3
6
17
24
39
70
9
80
59
86
65
40
27
62
9
40
63
38
93
40
27
70
21
84
55
6
25
32
75
30
25
8
27
42
1
60
51
54
21
76
67
46
69
20
51
46
13
4
15
18
93
12
67
98
13
4
39
98
53
92
51
26
5
8
47
14
89
68
99
94
93
40
11
94
33
56
95
18
85
8
55
90
61
88
11
22
1
52
23
66
21
52
35
14
1
76
27
54
81
4
55
74
61
28
91
22
97
56
19
90
77
32
59
6
9
4
35
58
33
16
15
74
49
40
47
90
85
88
95
10
49
64
95
18
65
16
35
94
73
96
43
58
69
60
27
46
89
52
23
86
13
12
39
74
73
76
91
42
29
20
43
46
37
12
39
78
81
60
15
94
41
40
55
50
81
72
51
34
13
68
27
90
37
8
11
30
33
84
67
58
1
4
83
94
73
28
79
74
33
56
7
22
41
68
27
90
25
44
7
50
93
0
51
66
13
0
59
42
73
16
3
62
33
24
35
34
97
44
83
38
61
32
43
38
93
28
55
98
45
0
83
58
97
60
47
70
77
60
83
78
93
48
83
42
81
80
51
34
73
48
51
94
29
72
43
22
49
92
71
50
33
0
91
2
9
24
31
70
41
4
87
2
53
84
87
86
21
84
35
38
21
92
11
30
65
84
51
82
81
84
83
94
61
84
15
90
49
32
71
98
29
56
19
26
65
4
43
62
61
64
3
78
41
76
99
78
29
8
19
42
21
76
79
50
41
80
59
74
49
72
83
6
21
56
83
62
1
48
91
10
81
52
67
18
77
88
55
86
41
68
51
30
97
20
35
82
5
12
27
30
97
36
79
34
77
20
39
6
29
8
83
14
73
96
59
86
97
96
51
30
